1024 1024
200
515 565
978 387
51 808
528 660
460 497
899 948
194 472
730 918
60 353
79 640
242 573
879 591
702 980
375 541
716 179
814 161
587 466
38 368
769 357
58 428
732 624
197 838
411 987
659 60
825 796
485 502
999 532
566 448
998 803
644 1012
71 836
177 450
352 787
958 458
284 736
10 611
926 51
707 721
71 149
556 891
730 937
381 803
587 287
47 62
924 45
295 788
696 255
379 1004
41 609
94 988
956 986
211 50
76 143
482 460
114 288
862 647
584 384
979 953
723 158
881 873
887 94
987 457
531 214
297 748
314 55
434 160
51 1000
908 362
641 883
370 40
843 61
834 25
795 726
170 610
804 998
689 387
493 752
639 652
252 154
692 465
730 599
621 640
472 731
663 101
134 67
278 143
677 147
225 1020
9 182
897 258
410 871
985 505
906 18
162 129
695 227
814 555
303 492
477 407
449 810
900 956
361 269
648 9
424 768
601 841
559 157
554 996
642 77
80 300
69 492
836 415
398 180
897 779
16 217
982 763
563 960
793 845
217 983
343 488
308 262
811 789
328 330
1014 370
591 840
442 568
269 174
395 616
343 483
887 386
952 168
868 944
495 280
863 595
398 679
501 30
7 506
991 978
944 702
266 144
439 210
968 512
432 56
501 967
168 488
1020 745
429 835
747 879
273 731
9 139
663 1019
919 882
608 189
58 309
295 142
259 783
452 689
23 153
937 468
972 161
511 65
298 844
659 480
343 800
465 70
963 960
356 322
452 975
787 617
514 532
463 681
993 224
7 265
473 538
253 136
274 567
139 769
993 313
194 979
1003 59
127 852
864 206
443 499
991 862
582 741
50 663
733 34
341 504
681 988
427 206
218 508
526 731
869 473
163 483
32 162
756 422
483 173
9 46
160 170
124 366
365 506
271 358
