4096 4096
400
3000 1716
3844 1175
2452 1494
312 3417
3857 921
4023 1369
817 24
1856 1288
2670 2395
997 1523
3580 971
123 301
700 168
1318 2154
2497 822
155 82
869 210
2613 2972
452 447
2564 297
2186 54
3040 2120
1345 2189
2163 605
2004 3627
2986 4
1626 1127
1606 847
934 2011
2417 1472
1148 3119
76 2383
447 1873
432 230
326 2676
3994 2293
3019 1933
3503 2038
845 539
2548 23
596 3727
2280 3760
3537 3540
3767 1188
726 3353
3168 3449
2007 2022
502 1493
2957 729
310 3014
1998 3350
2927 851
1541 1596
576 2590
1223 1184
1309 564
2577 2235
2285 3306
1489 3562
1751 58
1938 3844
551 87
2986 1054
23 2807
997 2890
2582 2099
662 1473
739 1732
932 3649
2492 579
1761 1824
2476 2246
2594 2565
451 3393
1358 3498
955 496
1640 2890
1039 1919
530 996
819 1658
1903 4076
2649 2282
3274 2151
3161 2380
428 3031
824 2492
1578 3967
3696 1108
3218 2149
940 3339
1062 1334
2346 3316
2072 3129
2190 588
2282 3211
3053 1577
1699 949
1824 1162
788 1695
2081 2369
2191 815
3430 3644
670 1408
1751 2723
1941 1145
3129 3397
1808 887
65 4064
1523 3687
3358 3989
120 902
2408 3223
1464 1391
3720 3605
1354 2208
3098 3038
493 2557
2120 2706
3590 3338
2243 111
3439 638
3556 2858
1605 2532
1975 1213
1270 571
3554 67
952 1198
405 1644
3321 1069
1847 1930
2238 1702
286 3294
3758 2030
2967 14
1198 1706
3197 533
3423 3713
4019 1312
3748 687
2701 2056
2303 1945
3541 4083
3099 98
2193 2668
3216 3900
2460 3690
2512 186
1877 1531
680 3215
1753 531
1928 2998
3796 3391
3958 3148
4045 2755
558 852
2146 3924
159 1711
2642 3232
3739 1271
819 1916
1609 3185
301 2360
2782 892
1456 1665
2593 3265
125 1758
2625 2887
3574 242
1339 1732
3039 421
3916 2337
3804 715
3040 3454
2913 3040
426 59
396 548
3633 63
3402 4067
3594 29
261 609
3190 1305
1248 3818
1796 3992
2112 2674
2290 235
864 3791
2468 2131
1519 195
2498 716
2617 1338
209 2042
3465 1827
1541 1723
2942 103
2584 1370
265 1601
3909 2126
3336 566
1870 3892
783 1121
2049 3650
1927 3718
2223 2649
1225 2862
465 3340
2743 89
2834 49
1278 1040
2040 3840
2505 2003
2016 3142
791 769
1494 2753
2721 859
1862 243
224 2150
3648 813
1265 2475
2347 1468
3007 2067
106 576
2450 2887
1717 1566
2085 846
2554 510
928 2468
300 2804
2348 1067
381 609
781 3148
4028 2325
1591 3135
1985 4001
23 3921
914 680
314 4040
3679 145
3343 3652
2522 2967
2685 3179
1944 2175
2537 2093
1924 727
1280 957
2192 531
3429 3493
52 2170
1451 406
187 3935
1201 860
3842 1779
554 853
365 961
2172 3427
1549 2746
1288 1214
157 602
4015 3235
1453 692
2910 2449
1552 633
3688 3997
3651 651
868 2533
1922 3505
2776 1439
2009 2327
1624 1075
3282 2941
698 303
1874 2168
709 3071
3602 2814
2026 1066
277 2079
385 3085
2702 1640
20 2221
913 2330
2119 1917
1602 2795
2759 2486
1552 2143
2619 1327
2041 708
2936 3012
2385 3986
2399 2083
112 2060
1755 2379
3321 2315
2268 3728
457 2610
485 2664
3947 3590
412 2745
23 684
1619 1293
1672 2392
1281 2705
3616 463
828 55
869 3644
293 486
583 1141
1191 1956
1274 1212
1450 2976
316 1037
1579 793
763 1270
383 1328
3647 1147
901 63
2084 2416
1002 983
2614 2630
736 1366
759 1426
992 3805
3570 3880
3748 126
2375 2817
2684 1741
1263 2631
1273 1274
2744 3231
4036 3031
502 3883
3940 3128
423 2190
3687 1730
314 2483
1459 2721
1166 327
2170 1594
815 2761
1087 1565
3594 3101
910 2602
4037 3312
3356 2921
3402 3422
328 2195
1237 815
260 1277
3499 2824
3172 2144
1093 3268
530 646
141 1992
3333 1850
395 3194
2274 151
1722 171
2283 522
1375 372
520 3758
2909 1466
3284 3477
2593 2562
429 1303
1760 333
130 2292
3814 371
3113 1162
662 1460
3245 1580
1714 2912
744 3993
3475 1549
1141 183
3304 3542
718 953
3707 3835
2152 1115
3328 2775
1303 1701
3382 210
700 1703
1652 1116
3030 1120
2429 1415
21 2187
4065 3626
1363 3207
3735 46
2012 901
162 1784
2577 1241
1743 1107
575 3994
3963 136
3189 115
3760 2416
2803 628
4046 182
2200 1699
384 17
1677 675
3441 3622
2281 3347
2117 607
1696 975
2086 2089
970 2951
3542 1471
1311 236
1774 13
2528 3411
3171 3318
1827 955
849 1248
1204 2163
832 4043
2960 256
3110 2587
1594 2567
1515 3829
3502 3500
1878 1857
42 1937
3715 1572
2270 2998
643 337
1469 3601
361 3387
1199 1759
2906 2168
1944 3006
2585 1894
819 1484
585 2269
1426 828
2174 888
2567 3330
2221 1084
3726 1981
1182 1586
2139 3234
1602 824
1626 2943
70 1730
2524 1021
2936 330
3993 3308
997 2735
3848 3575
604 1298
4014 1533
1657 2342
211 3307
136 1638
336 2420
1841 2172
2157 2060
3795 186
3525 1899
1607 965
382 2864
938 2854
1511 3044
2284 305
1300 4023
1277 3734
2964 1470
431 2587
2794 2602
371 914
3673 447
523 2536
1030 2351
769 1919
1139 993
493 1813
1555 477
508 1115
3398 809
251 514
2567 955
537 947
3708 3845
2853 3905
3146 359
1266 1471
2833 700
1280 2881
1538 1097
1871 3860
898 306
547 943
3892 360
3925 1734
915 388
1808 3319
825 389
1312 1474
1424 3387
2334 3481
2206 1738
